0.85851639959	0.0516268753204	0.677642886909	0.172583246241	0.64329216826	0.126242099995	0.430862626062	0.110502394681	0.895752088796	0.561994301572	
0.863599023316	0.556593389565	0.078311372491	0.111749249597	0.557212696084	0.905292508069	0.810681108331	0.4410307892	0.0673112291372	0.557876932563	
0.0113126837809	0.179174938663	0.764750006704	0.270042610893	0.805381702585	0.546216292033	0.666902766898	0.126581311302	0.0428467784509	0.860732982865	
0.859553797419	0.717014441119	0.202428560381	0.293552090376	0.094747222679	0.115930657676	0.0456168115526	0.825295289712	0.660048170979	0.81552215024	
0.636111535475	0.469404275101	0.516384456672	0.651848308623	0.559800787296	0.901568433556	0.0710581783388	0.809619817188	0.248338236937	0.754078007671	
0.0844883900841	0.153886013906	0.329595229287	0.822297137631	0.818278887389	0.896982247461	0.734320918655	0.387918536493	0.0117202290593	0.597025331563	
0.33445741979	0.0229657898348	0.465921365648	0.596216623844	0.672908172061	0.937176773883	0.410532991199	0.839790108007	0.878915540847	0.463774145611	
0.880985072398	0.275552875154	0.452240622967	0.621470960427	0.331891163107	0.522956511183	0.472884033414	0.495426556491	0.71380193444	0.294407719026	
0.0608023054658	0.627189179062	0.0450835613119	0.748514096534	0.126915404718	0.219178412855	0.302328537743	0.543212031999	0.783956578497	0.714648769982	
0.361655956508	0.725361905542	0.174281912849	0.531911692954	0.255675121584	0.061047111223	0.261734539532	0.577792018547	0.868700600966	0.722711838758	
